2 0.6322115384615384 0.49038461538461536 0.038461538461538464 0.052884615384615384
2 0.5528846153846154 0.4639423076923077 0.055288461538461536 0.06971153846153846
0 0.59375 0.46274038461538464 0.021634615384615384 0.040865384615384616
2 0.8064903846153846 0.5096153846153846 0.038461538461538464 0.055288461538461536
2 0.5120192307692307 0.4411057692307692 0.06490384615384616 0.07932692307692307
2 0.7872596153846154 0.4639423076923077 0.07932692307692307 0.09134615384615384
2 0.87740384615384680 0.47716346153846156 0.06971153846153846 0.10096153846153846
2 0.9206730769230769 0.4723557692307692 0.09375 0.12259615384615384
2 0.9579326923076923 0.45432692307692380 0.07932692307692307 0.16346153846153846
2 0.6682692307692307 0.375 0.2548076923076923 0.20192307692307693
2 0.95552884615384680 0.25961538461538464 0.08413461538461539 0.32211538461538464
80 0.7283653846153846 0.17908653846153846 0.21634615384615385 0.2956730769230769