2 0.36658653846153844 0.5444711538461539 0.072115384615384680 0.07451923076923077
0 0.7415865384615384 0.64182692307692380 0.03125 0.07451923076923077
0 0.7175480769230769 0.6358173076923077 0.028846153846153848 0.07211538461538461
2 0.17668269230769232 0.5048076923076923 0.06971153846153846 0.08173076923076923
0 0.6670673076923077 0.6322115384615384 0.055288461538461536 0.12259615384615384
0 0.6923076923076923 0.6394230769230769 0.04807692307692308 0.11057692307692307
2 0.1310096153846154 0.50120192307692380 0.072115384615384680 0.07932692307692307
2 0.078125 0.49399038461538464 0.05048076923076923 0.07692307692307693
2 0.04807692307692308 0.50120192307692380 0.08413461538461539 0.09615384615384616
2 0.02283653846153846 0.5060096153846154 0.04567307692307692 0.11298076923076923
80 0.42908653846153844 0.75 0.25240384615384615 0.46875