0 0.5673076923076923 0.46634615384615385 0.04326923076923077 0.0673076923076923
2 0.34134615384615385 0.40745192307692380 0.03365384615384615 0.04807692307692308
2 0.875 0.5372596153846154 0.0625 0.0625
2 0.2536057692307692 0.38341346153846156 0.036057692307692304 0.052884615384615384
2 0.29927884615384615 0.39302884615384615 0.07932692307692307 0.07451923076923077
0 0.546875 0.44350961538461536 0.03125 0.07211538461538461
2 0.17548076923076922 0.3485576923076923 0.06490384615384616 0.07211538461538461
2 0.07932692307692307 0.3125 0.055288461538461536 0.06009615384615385
2 0.1310096153846154 0.3173076923076923 0.0625 0.07692307692307693
0 0.51682692307692380 0.40625 0.04807692307692308 0.10336538461538461
0 0.48197115384615385 0.375 0.06009615384615385 0.13701923076923078
0 0.39783653846153844 0.34375 0.06490384615384616 0.0889423076923077
0 0.44711538461538464 0.31490384615384615 0.07451923076923077 0.18028846153846154
80 0.65625 0.28365384615384615 0.2764423076923077 0.5288461538461539
0 0.2692307692307692 0.17908653846153846 0.10096153846153846 0.24278846153846154
0 0.42908653846153844 0.18389423076923078 0.14182692307692307 0.34615384615384615