2 0.5733173076923077 0.9591346153846154 0.026442307692307692 0.04567307692307692
2 0.4675480769230769 0.265625 0.08173076923076923 0.0985576923076923
2 0.4675480769230769 0.3485576923076923 0.057692307692307696 0.052884615384615384
2 0.53125 0.9735576923076923 0.07451923076923077 0.05048076923076923
2 0.4411057692307692 0.11057692307692307 0.06009615384615385 0.07211538461538461
0 0.5048076923076923 0.82932692307692380 0.0985576923076923 0.038461538461538464
2 0.43509615384615385 0.19230769230769232 0.072115384615384680 0.10576923076923077
0 0.44471153846153844 0.28725961538461536 0.0889423076923077 0.038461538461538464
0 0.4182692307692308 0.06610576923076923 0.07932692307692307 0.03125
0 0.47836538461538464 0.7127403846153846 0.12740384615384615 0.04807692307692308
0 0.4050480769230769 0.02403846153846154 0.08653846153846154 0.04326923076923077
0 0.4110576923076923 0.09014423076923077 0.06009615384615385 0.028846153846153848
0 0.4050480769230769 0.046875 0.07451923076923077 0.028846153846153848
0 0.4675480769230769 0.6658653846153846 0.13701923076923078 0.04567307692307692
0 0.39302884615384615 0.7632211538461539 0.25961538461538464 0.0889423076923077
0 0.33774038461538464 0.6947115384615384 0.10576923076923077 0.04326923076923077
80 0.17067307692307693 0.20673076923076922 0.34134615384615385 0.3798076923076923