0 0.5540865384615384 0.4483173076923077 0.03125 0.06490384615384616
2 0.32091346153846156 0.4579326923076923 0.026442307692307692 0.04326923076923077
2 0.8689903846153846 0.4266826923076923 0.052884615384615384 0.055288461538461536
2 0.23076923076923078 0.46033653846153844 0.026442307692307692 0.04807692307692308
2 0.2764423076923077 0.4567307692307692 0.06971153846153846 0.0625
0 0.5276442307692307 0.4326923076923077 0.019230769230769232 0.06971153846153846
2 0.14543269230769232 0.4495192307692308 0.052884615384615384 0.06490384615384616
2 0.04326923076923077 0.44350961538461536 0.04567307692307692 0.052884615384615384
2 0.09375 0.4338942307692308 0.05048076923076923 0.06971153846153846
0 0.4891826923076923 0.4050480769230769 0.028846153846153848 0.10096153846153846
0 0.44591346153846156 0.3858173076923077 0.036057692307692304 0.13701923076923078
0 0.35697115384615385 0.3798076923076923 0.052884615384615384 0.08173076923076923
0 0.3954326923076923 0.33774038461538464 0.040865384615384616 0.18028846153846154
80 0.5865384615384616 0.25240384615384615 0.1875 0.5048076923076923
0 0.18509615384615385 0.25961538461538464 0.057692307692307696 0.2403846153846154
0 0.3401442307692308 0.21875 0.07692307692307693 0.34375