2 0.6021634615384616 0.4026442307692308 0.06971153846153846 0.07211538461538461
0 0.22115384615384615 0.4735576923076923 0.028846153846153848 0.07451923076923077
0 0.24519230769230768 0.46875 0.026442307692307692 0.07211538461538461
2 0.7908653846153846 0.359375 0.06490384615384616 0.08173076923076923
0 0.2932692307692308 0.45072115384615385 0.04807692307692308 0.12259615384615384
0 0.26682692307692380 0.45432692307692380 0.040865384615384616 0.11057692307692307
2 0.8341346153846154 0.34375 0.06971153846153846 0.07692307692307693
2 0.8846153846153846 0.3269230769230769 0.04567307692307692 0.07692307692307693
2 0.9098557692307693 0.3076923076923077 0.08173076923076923 0.09375
2 0.9423076923076923 0.28846153846153844 0.06490384615384616 0.11057692307692307
80 0.45913461538461536 0.2439903846153846 0.23076923076923078 0.46634615384615385