2 0.6286057692307693 0.4411057692307692 0.06490384615384616 0.06971153846153846
0 0.2439903846153846 0.38341346153846156 0.02403846153846154 0.07451923076923077
0 0.2692307692307692 0.3870192307692308 0.021634615384615384 0.07211538461538461
2 0.8209134615384616 0.46153846153846156 0.0625 0.07932692307692307
0 0.32091346153846156 0.3858173076923077 0.04326923076923077 0.12259615384615384
0 0.29447115384615385 0.38100961538461536 0.036057692307692304 0.11057692307692307
2 0.8677884615384616 0.46033653846153844 0.0673076923076923 0.07451923076923077
2 0.9206730769230769 0.46153846153846156 0.04326923076923077 0.07692307692307693
2 0.9495192307692307 0.4519230769230769 0.07692307692307693 0.09134615384615384
2 0.9771634615384616 0.44471153846153844 0.040865384615384616 0.11057692307692307
80 0.5444711538461539 0.2439903846153846 0.2091346153846154 0.4639423076923077