2 0.6286057692307693 0.9459134615384616 0.03125 0.04807692307692308
2 0.43990384615384615 0.2704326923076923 0.09134615384615384 0.10576923076923077
2 0.4495192307692308 0.35336538461538464 0.0625 0.057692307692307696
2 0.5889423076923077 0.9663461538461539 0.07692307692307693 0.057692307692307696
2 0.3942307692307692 0.12139423076923077 0.0673076923076923 0.07692307692307693
0 0.5444711538461539 0.8269230769230769 0.10096153846153846 0.05048076923076923
2 0.39783653846153844 0.203125 0.08413461538461539 0.11298076923076923
0 0.41947115384615385 0.2956730769230769 0.09134615384615384 0.04807692307692308
0 0.36538461538461536 0.07932692307692307 0.07932692307692307 0.040865384615384616
0 0.5048076923076923 0.7139423076923077 0.12980769230769232 0.0625
0 0.3485576923076923 0.039663461538461536 0.0889423076923077 0.052884615384615384
0 0.36177884615384615 0.103365384615384680 0.0625 0.036057692307692304
0 0.35096153846153844 0.0625 0.07451923076923077 0.038461538461538464
0 0.4879807692307692 0.6682692307692307 0.13701923076923078 0.06009615384615385
0 0.4266826923076923 0.7752403846153846 0.2620192307692308 0.11778846153846154
0 0.3629807692307692 0.7127403846153846 0.10817307692307693 0.055288461538461536
80 0.1622596153846154 0.25240384615384615 0.3245192307692308 0.41346153846153844