2 0.625 0.4567307692307692 0.03125 0.04807692307692308
2 0.5420673076923077 0.4519230769230769 0.04567307692307692 0.06490384615384616
0 0.58052884615384680 0.43990384615384615 0.016826923076923076 0.038461538461538464
2 0.79807692307692380 0.43028846153846156 0.03125 0.05048076923076923
2 0.4963942307692308 0.43990384615384615 0.052884615384615384 0.07211538461538461
2 0.76802884615384680 0.390625 0.06490384615384616 0.08173076923076923
2 0.859375 0.38100961538461536 0.052884615384615384 0.09375
2 0.8990384615384616 0.3641826923076923 0.07692307692307693 0.11057692307692307
2 0.9483173076923077 0.3329326923076923 0.09134615384615384 0.1466346153846154
2 0.6298076923076923 0.33533653846153844 0.23076923076923078 0.16105769230769232
2 0.9278846153846154 0.14423076923076922 0.12980769230769232 0.28846153846153844
80 0.6370192307692307 0.1346153846153846 0.17307692307692307 0.2692307692307692