0 0.5420673076923077 0.4375 0.04326923076923077 0.0673076923076923
2 0.3161057692307692 0.4963942307692308 0.03365384615384615 0.04807692307692308
2 0.84615384615384680 0.35096153846153844 0.0625 0.06490384615384616
2 0.2283653846153846 0.51682692307692380 0.036057692307692304 0.052884615384615384
2 0.27163461538461536 0.5036057692307693 0.08173076923076923 0.07451923076923077
0 0.5132211538461539 0.42788461538461536 0.03125 0.07211538461538461
2 0.14302884615384615 0.5252403846153846 0.06490384615384616 0.07451923076923077
2 0.042067307692307696 0.5396634615384616 0.055288461538461536 0.06009615384615385
2 0.0889423076923077 0.5192307692307693 0.06490384615384616 0.07692307692307693
0 0.46995192307692380 0.4098557692307692 0.05048076923076923 0.10336538461538461
0 0.42307692307692380 0.40024038461538464 0.0625 0.13701923076923078
0 0.33413461538461536 0.41225961538461536 0.0673076923076923 0.0889423076923077
0 0.3641826923076923 0.3629807692307692 0.07692307692307693 0.18028846153846154
80 0.53245192307692380 0.25120192307692380 0.2860576923076923 0.5024038461538461
0 0.14182692307692307 0.33052884615384615 0.10576923076923077 0.24278846153846154
0 0.2848557692307692 0.25841346153846156 0.1466346153846154 0.34615384615384615