2 0.036057692307692304 0.51682692307692380 0.04326923076923077 0.021634615384615384
2 0.73677884615384680 0.4963942307692308 0.09375 0.07451923076923077
2 0.6538461538461539 0.48557692307692380 0.04807692307692308 0.052884615384615384
2 0.025240384615384616 0.4735576923076923 0.04567307692307692 0.06971153846153846
2 0.89302884615384680 0.4891826923076923 0.0673076923076923 0.052884615384615384
0 0.171875 0.4639423076923077 0.03125 0.09615384615384616
2 0.8125 0.4735576923076923 0.10096153846153846 0.06490384615384616
0 0.7175480769230769 0.47115384615384615 0.03125 0.08653846153846154
0 0.93990384615384680 0.47115384615384615 0.026442307692307692 0.07692307692307693
0 0.2920673076923077 0.453125 0.038461538461538464 0.125
0 0.9819711538461539 0.4651442307692308 0.03125 0.0889423076923077
0 0.9182692307692307 0.46153846153846156 0.02403846153846154 0.057692307692307696
0 0.9615384615384616 0.46153846153846156 0.02403846153846154 0.07211538461538461
0 0.3401442307692308 0.4483173076923077 0.03365384615384615 0.1346153846153846
0 0.25120192307692380 0.36177884615384615 0.06971153846153846 0.25721153846153844
0 0.3269230769230769 0.31490384615384615 0.038461538461538464 0.10336538461538461
80 0.82932692307692380 0.18629807692307693 0.33653846153846156 0.3629807692307692