2 0.6310096153846154 0.48677884615384615 0.038461538461538464 0.052884615384615384
2 0.5516826923076923 0.46274038461538464 0.055288461538461536 0.06971153846153846
0 0.5925480769230769 0.45913461538461536 0.021634615384615384 0.040865384615384616
2 0.8064903846153846 0.5 0.038461538461538464 0.055288461538461536
2 0.5108173076923077 0.4411057692307692 0.0625 0.07692307692307693
2 0.7860576923076923 0.45432692307692380 0.07692307692307693 0.0889423076923077
2 0.87620192307692380 0.4639423076923077 0.0673076923076923 0.0985576923076923
2 0.9194711538461539 0.4579326923076923 0.09134615384615384 0.1201923076923077
2 0.9579326923076923 0.43870192307692380 0.07932692307692307 0.16105769230769232
2 0.6634615384615384 0.36899038461538464 0.25 0.19471153846153846
2 0.95432692307692380 0.24158653846153846 0.08653846153846154 0.31971153846153844
80 0.7175480769230769 0.17067307692307693 0.2091346153846154 0.2932692307692308